131.2 3.54 1.49 0.5 0.5
136.66 4.76 1.42 0.5 0.2
136.3 4.6 1.42 0.5 0.2
123.71 4.88 1.41 0.5 0.2
124.19 4.72 1.42 0.5 0.2
136.5 4.68 1.42 0.5 0.2
136.6 4.72 1.42 0.5 0.2
124.8 4.52 1.43 0.5 0.2
123.9 4.84 1.42 0.5 0.2
124 4.8 1.42 0.5 0.2
124.1 4.76 1.42 0.5 0.2
124.2 4.72 1.42 0.5 0.2
137 4.88 1.42 1 0.2
137.3 5 1.41 1 0.2
137.6 5.08 1.41 1 0.2
137.9 5.16 1.4 1 0.2
138.2 5.24 1.39 1 0.2
138.5 5.32 1.38 1 0.2
138.8 5.44 1.38 1 0.2
139.3 5.56 1.37 1 0.2
136 4.6 1.44 1 0.2
135.5 4.44 1.45 1 0.2
135 4.32 1.46 1 0.2
134.5 4.2 1.46 1 0.2
134 4.08 1.47 1 0.2
133.5 3.96 1.47 0.5 0.2
133 3.84 1.48 0.5 0.2
132.5 3.72 1.5 0.5 0.2
132 3.64 1.5 0.5 0.2
131.5 3.6 1.5 0.5 0.2
131 3.56 1.5 0.5 0.2
130.9 3.56 1.5 0.5 0.2
130.8 3.56 1.5 0.5 0.2
130.7 3.54 1.5 0.5 0.2
130.6 3.54 1.5 0.5 0.2
130.5 3.52 1.5 0.5 0.2
130.4 3.52 1.5 0.5 0.2
130.3 3.52 1.5 0.5 0.2
130.2 3.52 1.5 0.5 0.2
130.1 3.52 1.5 0.5 0.2
130 3.52 1.5 0.5 0.2
129.9 3.54 1.5 0.5 0.2
129.8 3.56 1.5 0.5 0.2
129.7 3.56 1.5 0.5 0.2
129.6 3.56 1.5 0.5 0.2
129.5 3.56 1.5 0.5 0.2
129.4 3.56 1.5 0.5 0.2
129.3 3.56 1.5 0.5 0.2
129.2 3.58 1.5 0.5 0.2
129.1 3.6 1.5 0.5 0.2
129 3.6 1.5 0.5 0.2
129.25 3.56 1.5 0.5 0.2
128.75 3.76 1.47 0.5 0.2
128.5 3.78 1.47 0.5 0.2
128 3.84 1.47 0.5 0.2
127.5 3.92 1.46 0.5 0.2
127 4.04 1.46 0.5 0.2
126.5 4.16 1.46 1 0.2
126 4.28 1.45 1 0.2
125.5 4.44 1.44 1 0.2
125 4.56 1.43 1 0.2
120 6.2 1.32 1 0.2
122 5.52 1.38 1 0.2
118 6.8 1.26 1 0.2
116 7.36 1.19 1 0.2
110 8.72 1 2 0.2
105 9.44 0.864 2 0.2
100 9.92 0.752 2 0.2
107 9.12 0.92 2 0.2
113 8.16 1.1 2 0.2
145 7.12 1.23 2 0.2
148 7.76 1.15 2 0.2
151 8.24 1.08 2 0.2
154 8.64 1.02 2 0.2
157 8.96 0.952 2 0.2
160 9.28 0.896 2 0.2
163 9.6 0.848 2 0.2
166 9.76 0.8 2 0.2
170 9.92 0.744 2 0.2
142 6.4 1.3 2 0.2
139 5.6 1.37 2 0.2
200 10.7 0.496 2 0.1
250 11 0.328 2 0.1
300 11.2 0.248 2 0.1
400 11.2 0.172 2 0.05
500 11.3 0.13 2 0.02
600 11.3 0.105 2 0.02
700 11.3 0.091 2 0.02
800 11.3 0.0784 2 0.02
900 11.3 0.0696 2 0.02
90 10.4 0.568 2 0.1
80 10.7 0.44 2 0.1
70 10.8 0.338 1 0.05
60 11 0.268 1 0.05
50 11 0.208 1 0.05
40 11 0.16 1 0.05
30 11 0.1 1 0.02
20 11 0.0736 1 0.02
10 11 0.0384 1 0.02
5 11 0.02 1 0.02
141 6.04 1.34 1 0.2
140.5 5.92 1.35 1 0.2
140.3 5.84 1.35 1 0.2
140.1 5.8 1.35 1 0.2
123.5 5 1.42 1 0.2
123.2 5.08 1.41 1 0.2
122.9 5.2 1.4 1 0.2
122.8 5.2 1.4 1 0.2
122.6 5.28 1.4 1 0.2